87314.0
87298.44290799557
87282.90679858107
87267.39167175643
87251.89752752171
87236.42436587688
87220.97218682198
87205.54099035697
87190.13077648186
87174.74154519665
87159.37329650135
87144.02603039594
87128.69974688046
87113.39444595487
87098.11012761915
87082.84679187337
87067.60443871748
87052.3830681515
87037.1826801754
87022.00327478923
87006.84485199294
86991.70741178657
86976.5909541701
86961.49547914352
86946.42098670686
86931.36747686009
86916.33494960322
86901.32340493628
86886.3328428592
86871.36326337204
86856.41466647478
86841.48705216743
86826.58042044999
86811.69477132242
86796.83010478479
86781.98642083706
86767.16371947921
86752.36200071128
86737.58126453323
86722.82151094513
86708.0827399469
86693.36495153856
86678.66814572013
86663.9923224916
86649.33748185301
86634.70362380426
86620.09074834546
86605.49885547654
86590.92794519753
86576.37801750845
86561.84907240923
86547.3411098999
86532.85412998052
86518.38813265103
86503.94311791145
86489.51908576173
86475.11603620194
86460.73396923207
86446.37288485207
86432.032783062
86417.71366386181
86403.41552725156
86389.13837323115
86374.88220180069
86360.64701296012
86346.43280670946
86332.23958304871
86318.06734197783
86303.91608349686
86289.7858076058
86275.67651430467
86261.58820359342
86247.52087547204
86233.47452994062
86219.44916699908
86205.44478664742
86191.46138888568
86177.49897371384
86163.55754113192
86149.63709113987
86135.73762373775
86121.85913892553
86108.00163670321
86094.16511707078
86080.34958002824
86066.55502557564
86052.78145371292
86039.02886444012
86025.2972577572
86011.58663366418
85997.89699216111
85984.2283332479
85970.5806569246
85956.9539631912
85943.34825204768
85929.76352349411
85916.19977753042
85902.65701415663
85889.13523337274
85875.63443517877
85862.15461957469
85848.69578656049
85835.25793613623
85821.84106830186
85808.4451830574
85795.07028040283
85781.71636033816
85768.38342286341
85755.07146797853
85741.78049568358
85728.51050597853
85715.26149886336
85702.03347433814
85688.82643240277
85675.64037305734
85662.47529630178
85649.33120213615
85636.20809056042
85623.10596157456
85610.02481517865
85596.9646513726
85583.9254701565
85570.90727153026
85557.91005549394
85544.93382204753
85531.97857119101
85519.04430292439
85506.13101724768
85493.23871416086
85480.36739366397
85467.51705575695
85454.68770043986
85441.87932771265
85429.09193757537
85416.32553002797
85403.58010507046
85390.85566270289
85378.1522029252
85365.46972573742
85352.80823113953
85340.16771913154
85327.54818971347
85314.94964288529
85302.37207864702
85289.81549699865
85277.2798979402
85264.76528147163
85252.27164759296
85239.7989963042
85227.34732760534
85214.91664149638
85202.50693797735
85190.11821704818
85177.75047870896
85165.4037229596
85153.07794980016
85140.77315923061
85128.48935125097
85116.22652586125
85103.9846830614
85091.76382285148
85079.56394523145
85067.38505020134
85055.22713776112
85043.09020791078
85030.97426065036
85018.87929597984
85006.80531389924
84994.75231440854
84982.72029750771
84970.70926319684
84958.7192114758
84946.75014234472
84934.80205580352
84922.87495185221
84910.96883049083
84899.08369171934
84887.21953553775
84875.37636194607
84863.5541709443
84851.75296253241
84839.97273671042
84828.21349347838
84816.47523283618
84804.75795478393
84793.06165932155
84781.38634644909
84769.73201616653
84758.09866847386
84746.48630337112
84734.89492085825
84723.3245209353
84711.77510360224
84700.2466688591
84688.73921670584
84677.25274714251
84665.78726016908
84654.34275578555
84642.91923399188
84631.51669478818
84620.13513817434
84608.77456415042
84597.43497271641
84586.11636387225
84574.81873761804
84563.54209395371
84552.28643287931
84541.05175439481
84529.8380585002
84518.64534519549
84507.47361448068
84496.32286635575
84485.19310082076
84474.08431787568
84462.99651752049
84451.92969975517
84440.88386457981
84429.85901199431
84418.85514199872
84407.87225459304
84396.91034977724
84385.9694275514
84375.0494879154
84364.15053086934
84353.27255641317
84342.41556454691
84331.57955527054
84320.76452858407
84309.97048448752
84299.19742298085
84288.44534406411
84277.71424773727
84267.00413400028
84256.31500285325
84245.6468542961
84234.99968832887
84224.37350495154
84213.76830416408
84203.18408596655
84192.6208503589
84182.07859734118
84171.55732691336
84161.05703907544
84150.57773382743
84140.11941116929
84129.68207110108
84119.26571362276
84108.87033873436
84098.49594643584
84088.14253672722
84077.81010960853
84067.49866507972
84057.20820314082
84046.93872379183
84036.69022703273
84026.46271286355
84016.25618128423
84006.07063229487
83995.90606589538
83985.76248208579
83975.63988086612
83965.53826223634
83955.45762619647
83945.39797274649
83935.35930188642
83925.34161361626
83915.34490793599
83905.36918484562
83895.41444434517
83885.4806864346
83875.56791111395
83865.6761183832
83855.80530824236
83845.95548069141
83836.12663573034
83826.3187733592
83816.53189357797
83806.76599638665
83797.0210817852
83787.29714977366
83777.59420035203
83767.9122335203
83758.25124927849
83748.61124762657
83738.99222856454
83729.39419209243
83719.81713821022
83710.26106691791
83700.72597821547
83691.21187210297
83681.71874858039
83672.24660764768
83662.79544930486
83653.36527355199
83643.95608038898
83634.56786981589
83625.2006418327
83615.8543964394
83606.52913363604
83597.22485342255
83587.94155579897
83578.67924076528
83569.4379083215
83560.21755846763
83551.01819120366
83541.8398065296
83532.68240444543
83523.54598495118
83514.43054804682
83505.33609373236
83496.2626220078
83487.21013287315
83478.17862632839
83469.16810237356
83460.1785610086
83451.21000223355
83442.26242604842
83433.33583245319
83424.43022144785
83415.54559303242
83406.68194720687
83397.83928397126
83389.01760332553
83380.21690526971
83371.4371898038
83362.67845692777
83353.94070664165
83345.22393894543
83336.52815383914
83327.85335132272
83319.19953139623
83310.56669405963
83301.95483931291
83293.36396715611
83284.79407758922
83276.24517061222
83267.71724622515
83259.21030442795
83250.72434522067
83242.25936860329
83233.8153745758
83225.3923631382
83216.99033429055
83208.60928803278
83200.24922436492
83191.91014328695
83183.59204479888
83175.29492890071
83167.01879559245
83158.76364487411
83150.52947674564
83142.31629120707
83134.12408825844
83125.9528678997
83117.80263013086
83109.6733749519
83101.56510236285
83093.47781236374
83085.41150495448
83077.36618013516
83069.34183790571
83061.33847826617
83053.35610121656
83045.39470675685
83037.45429488702
83029.5348656071
83021.63641891709
83013.75895481699
83005.90247330678
82998.06697438649
82990.25245805607
82982.45892431555
82974.68637316495
82966.93480460426
82959.20421863347
82951.49461525257
82943.80599446157
82936.13835626049
82928.4917006493
82920.86602762801
82913.26133719663
82905.67762935517
82898.11490410358
82890.57316144192
82883.05240137014
82875.55262388827
82868.0738289963
82860.61601669424
82853.17918698209
82845.76333985983
82838.36847532747
82830.99459338502
82823.64169403247
82816.30977726984
82808.99884309708
82801.70889151424
82794.4399225213
82787.19193611824
82779.96493230511
82772.75891108188
82765.57387244857
82758.40981640512
82751.26674295159
82744.14465208798
82737.04354381426
82729.96341813046
82722.90427503652
82715.86611453252
82708.8489366184
82701.85274129419
82694.87752855991
82687.9232984155
82680.990050861
82674.0777858964
82667.18650352169
82660.3162037369
82653.46688654201
82646.63855193704
82639.83119992193
82633.04483049676
82626.27944366148
82619.5350394161
82612.81161776063
82606.10917869504
82599.42772221938
82592.7672483336
82586.12775703774
82579.50924833179
82572.91172221572
82566.33517868957
82559.77961775332
82553.24503940695
82546.73144365051
82540.23883048396
82533.7671999073
82527.31655192058
82520.88688652373
82514.47820371679
82508.09050349974
82501.72378587261
82495.37805083538
82489.05329838805
82482.74952853064
82476.46674126311
82470.20493658548
82463.96411449778
82457.74427499995
82451.54541809204
82445.36754377403
82439.21065204593
82433.07474290772
82426.95981635942
82420.86587240102
82414.79291103252
82408.74093225392
82402.70993606522
82396.69992246645
82390.71089145755
82384.74284303856
82378.7957772095
82372.8696939703
82366.96459332103
82361.08047526167
82355.2173397922
82349.37518691261
82343.55401662293
82337.75382892319
82331.97462381331
82326.21640129335
82320.47916136328
82314.76290402313
82309.06762927289
82303.39333711253
82297.74002754208
82292.10770056152
82286.4963561709
82280.90599437016
82275.33661515932
82269.78821853836
82264.26080450736
82258.75437306621
82253.268924215
82247.80445795367
82242.36097428224
82236.93847320072
82231.53695470912
82226.1564188074
82220.79686549556
82215.45829477366
82210.14070664167
82204.84410109954
82199.56847814734
82194.31383778506
82189.08018001265
82183.86750483014
82178.67581223755
82173.50510223486
82168.35537482209
82163.2266299992
82158.11886776621
82153.03208812315
82147.96629106996
82142.92147660669
82137.89764473331
82132.89479544981
82127.91292875627
82122.9520446526
82118.01214313883
82113.09322421497
82108.19528788103
82103.31833413697
82098.4623629828
82093.62737441856
82088.8133684442
82084.02034505978
82079.24830426522
82074.49724606056
82069.76717044585
82065.058077421
82060.36996698607
82055.70283914103
82051.05669388591
82046.43153122069
82041.82735114536
82037.24415365997
82032.68193876442
82028.1407064588
82023.62045674308
82019.12118961729
82014.64290508139
82010.18560313537
82005.74928377927
82001.33394701306
81996.93959283677
81992.56622125037
81988.21383225388
81983.88242584729
81979.57200203059
81975.28256080381
81971.01410216693
81966.76662611995
81962.54013266286
81958.3346217957
81954.15009351842
81949.98654783105
81945.84398473358
81941.72240422602
81937.62180630835
81933.5421909806
81929.48355824273
81925.44590809477
81921.42924053673
81917.43355556858
81913.45885319033
81909.50513340198
81905.57239620354
81901.660641595
81897.76986957637
81893.90008014762
81890.0512733088
81886.22344905985
81882.41660740084
81878.63074833172
81874.86587185248
81871.12197796316
81867.39906666374
81863.69713795422
81860.01619183461
81856.35622830491
81852.7172473651
81849.09924901518
81845.50223325517
81841.92620008509
81838.37114950486
81834.83708151459
81831.3239961142
81827.83189330371
81824.36077308311
81820.91063545243
81817.48148041165
81814.07330796077
81810.68611809978
81807.31991082872
81803.97468614753
81800.65044405627
81797.34718455489
81794.06490764345
81790.80361332187
81787.56330159021
81784.34397244845
81781.14562589658
81777.96826193464
81774.81188056259
81771.67648178042
81768.5620655882
81765.46863198583
81762.3961809734
81759.34471255088
81756.31422671823
81753.3047234755
81750.31620282267
81747.34866475975
81744.40210928672
81741.47653640358
81738.57194611037
81735.68833840705
81732.82571329364
81729.98407077012
81727.16341083651
81724.36373349282
81721.585038739
81718.8273265751
81716.09059700108
81713.37485001699
81710.6800856228
81708.0063038185
81705.3535046041
81702.72168797962
81700.11085394502
81697.52100250035
81694.95213364557
81692.40424738069
81689.87734370572
81687.37142262065
81684.88648412547
81682.42252822021
81679.97955490484
81677.55756417937
81675.15655604383
81672.77653049816
81670.41748754239
81668.07942717655
81665.76234940061
81663.46625421455
81661.19114161839
81658.93701161214
81656.70386419582
81654.49169936938
81652.30051713286
81650.1303174862
81647.98110042946
81645.85286596265
81643.74561408572
81641.65934479871
81639.59405810159
81637.54975399436
81635.52643247705
81633.52409354963
81631.54273721212
81629.5823634645
81627.6429723068
81625.724563739
81623.8271377611
81621.9506943731
81620.095233575
81618.26075536682
81616.44725974851
81614.65474672013
81612.88321628165
81611.13266843307
81609.40310317438
81607.69452050561
81606.00692042673
81604.34030293775
81602.69466803868
81601.0700157295
81599.46634601025
81597.88365888088
81596.32195434142
81594.78123239186
81593.2614930322
81591.76273626246
81590.2849620826
81588.82817049265
81587.39236149262
81585.97753508246
81584.58369126222
81583.2108300319
81581.85895139145
81580.52805534092
81579.21814188028
81577.92921100956
81576.66126272871
81575.4142970378
81574.18831393677
81572.98331342565
81571.79929550445
81570.63626017312
81569.49420743172
81568.37313728021
81567.2730497186
81566.1939447469
81565.1358223651
81564.09868257321
81563.0825253712
81562.08735075912
81561.11315873693
81560.15994930464
81559.22772246225
81558.31647820974
81557.42621654717
81556.55693747452
81555.70864099172
81554.88132709886
81554.07499579588
81553.28964708281
81552.52528095966
81551.78189742638
81551.05949648302
81550.35807812956
81549.677642366
81549.01818919236
81548.3797186086
81547.76223061475
81547.1657252108
81546.59020239676
81546.03566217262
81545.50210453838
81544.98952949405
81544.49793703962
81544.02732717508
81543.57769990044
81543.14905521572
81542.7413931209
81542.35471361598
81541.98901670097
81541.64430237585
81541.32057064062
81541.01782149532
81540.73605493992
81540.47527097442
81540.23546959879
81540.01665081311
81539.81881461729
81539.64196101141
81539.48608999542
81539.35120156931
81539.23729573312
81539.14437248684
81539.07243183046
81539.02147376398
81538.9914982874
81538.98250540072
81538.99449510395
81539.02746739707
81539.08142228011
81539.15635975305
81539.25227981588
81539.36918246862
81539.50706771127
81539.6659355438
81539.84578596624
81540.04661897861
81540.26843458085
81540.511232773
81540.77501355507
81541.05977692702
81541.36552288888
81541.69225144065
81542.0399625823
81542.40865631387
81542.79833263536
81543.20899154671
81543.640633048
81544.09325713917
81544.56686382025
81545.06145309124
81545.57702495212
81546.11357940291
81546.67111644361
81547.24963607421
81547.8491382947
81548.46962310508
81549.11109050541
81549.77354049559
81550.45697307572
81551.16138824572
81551.88678600562
81552.63316635544
81553.40052929515
81554.18887482477
81554.99820294429
81555.82851365372
81556.67980695305
81557.55208284226
81558.4453413214
81559.35958239043
81560.29480604938
81561.25101229822
81562.22820113695
81563.22637256561
81564.24552658414
81565.2856631926
81566.34678239096
81567.42888417919
81568.53196855736
81569.6560355254
81570.80108508337
81571.96711723124
81573.154131969
81574.36212929669
81575.59110921423
81576.8410717217
81578.1120168191
81579.40394450637
81580.71685478356
81582.05074765062
81583.40562310762
81584.7814811545
81586.17832179129
81587.596145018
81589.03495083458
81590.49473924108
81591.97551023748
81593.47726382379
81595.0
81596.5437187661
81598.10842012211
81599.69410406804
81601.30077060385
81602.92841972955
81604.57705144519
81606.24666575072
81607.93726264613
81609.64884213146
81611.38140420671
81613.13494887183
81614.90947612686
81616.7049859718
81618.52147840662
81620.35895343138
81622.21741104603
81624.0968512506
81625.99727404502
81627.9186794294
81629.86106740363
81631.82443796779
81633.80879112185
81635.81412686582
81637.84044519969
81639.88774612345
81641.95602963713
81644.04529574068
81646.15554443418
81648.28677571754
81650.43898959084
81652.61218605402
81654.8063651071
81657.02152675009
81659.25767098297
81661.51479780578
81663.79290721848
81666.09199922107
81668.41207381358
81670.75313099596
81673.11517076829
81675.49819313048
81677.9021980826
81680.32718562461
81682.77315575653
81685.24010847835
81687.72804379006
81690.2369616917
81692.76686218323
81695.31774526462
81697.88961093598
81700.4824591972
81703.09629004836
81705.7311034894
81708.38689952032
81711.06367814116
81713.7614393519
81716.48018315257
81719.21990954311
81721.98061852355
81724.76231009392
81727.56498425418
81730.38864100433
81733.2332803444
81736.09890227436
81738.98550679424
81741.89309390399
81744.82166360368
81747.77121589324
81750.74175077272
81753.73326824213
81756.74576830139
81759.77925095058
81762.83371618966
81765.90916401867
81769.00559443756
81772.12300744635
81775.26140304505
81778.42078123364
81781.60114201214
81784.80248538057
81788.02481133887
81791.26811988709
81794.5324110252
81797.8176847532
81801.12394107113
81804.45117997895
81807.79940147667
81811.16860556431
81814.55879224182
81817.96996150925
81821.40211336658
81824.85524781383
81828.32936485096
81831.82446447799
81835.34054669493
81838.8776115018
81842.43565889855
81846.01468888519
81849.61470146175
81853.2356966282
81856.87767438455
81860.54063473082
81864.22457766697
81867.92950319305
81871.65541130901
81875.40230201489
81879.17017531066
81882.95903119633
81886.76886967191
81890.59969073739
81894.45149439278
81898.32428063806
81902.21804947325
81906.13280089833
81910.06853491333
81914.02525151824
81918.00295071302
81922.00163249772
81926.02129687232
81930.06194383683
81934.12357339125
81938.20618553556
81942.30978026977
81946.43435759388
81950.5799175079
81954.74646001183
81958.93398510564
81963.14249278937
81967.371983063
81971.62245592652
81975.89391137996
81980.18634942331
81984.49977005654
81988.83417327967
81993.18955909272
81997.56592749566
82001.96327848852
82006.38161207127
82010.82092824392
82015.28122700648
82019.76250835892
82024.26477230129
82028.78801883355
82033.33224795572
82037.89745966779
82042.48365396974
82047.09083086163
82051.7189903434
82056.36813241508
82061.03825707667
82065.72936432814
82070.44145416954
82075.17452660082
82079.928581622
82084.70361923311
82089.49963943409
82094.316642225
82099.15462760579
82104.01359557651
82108.8935461371
82113.79447928761
82118.71639502802
82123.65929335835
82128.62317427855
82133.60803778865
82138.61388388868
82143.64071257862
82148.68852385844
82153.75731772817
82158.84709418779
82163.95785323734
82169.08959487676
82174.2423191061
82179.41602592534
82184.6107153345
82189.82638733354
82195.06304192246
82200.32067910134
82205.59929887009
82210.89890122873
82216.2194861773
82221.56105371576
82226.92360384413
82232.30713656239
82237.71165187056
82243.13714976862
82248.58363025659
82254.05109333448
82259.53953900226
82265.04896725994
82270.57937810752
82276.130771545
82281.70314757239
82287.29650618968
82292.91084739688
82298.54617119397
82304.20247758096
82309.87976655786
82315.57803812466
82321.29729228136
82327.03752902799
82332.79874836448
82338.58095029091
82344.38413480722
82350.20830191346
82356.05345160956
82361.91958389558
82367.8066987715
82373.71479623733
82379.64387629306
82385.59393893869
82391.56498417424
82397.55701199968
82403.570022415
82409.60401542026
82415.6589910154
82421.72214738083
82427.78068269689
82433.8345969636
82439.88389018098
82445.92856234897
82451.96861346766
82458.00404353694
82464.0348525569
82470.06104052752
82476.08260744878
82482.09955332069
82488.11187814325
82494.11958191644
82500.1226646403
82506.12112631479
82512.11496693993
82518.10418651572
82524.08878504216
82530.06876251925
82536.04411894699
82542.01485432539
82547.98096865443
82553.9424619341
82559.89933416442
82565.85158534542
82571.79921547705
82577.7422245593
82583.68061259224
82589.61437957583
82595.54352551005
82601.4680503949
82607.38795423043
82613.30323701657
82619.2138987534
82625.11993944086
82631.02135907898
82636.91815766774
82642.81033520713
82648.6978916972
82654.5808271379
82660.45914152927
82666.33283487127
82672.20190716391
82678.0663584072
82683.92618860115
82689.78139774574
82695.63198584097
82701.4779528869
82707.31929888343
82713.15602383061
82718.98812772844
82724.81561057692
82730.63847237606
82736.45671312585
82742.27033282626
82748.07933147736
82753.88370907906
82759.68346563146
82765.47860113448
82771.26911558815
82777.05500899245
82782.83628134742
82788.61293265305
82794.3849629093
82800.15237211622
82805.9151602738
82811.673327382
82817.42687344085
82823.17579845035
82828.92010241053
82834.65978532132
82840.39484718276
82846.12528799486
82851.85110775761
82857.572306471
82863.28888413507
82869.00084074974
82874.70817631509
82880.41089083107
82886.1089842977
82891.802456715
82897.49130808293
82903.17553840151
82908.85514767074
82914.53013589061
82920.20050306116
82925.86624918232
82931.52737425415
82937.18387827661
82942.83576124973
82948.48302317351
82954.12566404793
82959.76368387298
82965.3970826487
82971.02586037507
82976.65001705207
82982.26955267972
82987.88446725803
82993.494760787
82999.10043326659
83004.70148469685
83010.29791507775
83015.8897244093
83021.47691269149
83027.05947992434
83032.63742610785
83038.21075124198
83043.77945532674
83049.3435383622
83054.90300034828
83060.45784128501
83066.00806117241
83071.55366001042
83077.0946377991
83082.63099453846
83088.16273022842
83093.68984486905
83099.2123384603
83104.73021100224
83110.24346249482
83115.75209293801
83121.25610233188
83126.75549067641
83132.25025797158
83137.74040421739
83143.22592941383
83148.70683356094
83154.18311665869
83159.6547787071
83165.12181970615
83170.58423965586
83176.0420385562
83181.49521640722
83186.94377320886
83192.38770896115
83197.8270236641
83203.26171731768
83208.6917899219
83214.11724147681
83219.53807198234
83224.95428143853
83230.36586984537
83235.77283720282
83241.17518351095
83246.57290876973
83251.96601297917
83257.35449613925
83262.73835824998
83268.11759931133
83273.49221932335
83278.86221828603
83284.22759619933
83289.5883530633
83294.94448887791
83300.29600364318
83305.64289735907
83310.98517002564
83316.32282164283
83321.6558522107
83326.98426172919
83332.30805019835
83337.62721761815
83342.94176398858
83348.2516893097
83353.55699358143
83358.8576768038
83364.15373897685
83369.44518010053
83374.73200017489
83380.01419919987
83385.29177717552
83390.56473410179
83395.83306997872
83401.09678480629
83406.35587858451
83411.61035131339
83416.86020299292
83422.10543362309
83427.3460432039
83432.58203173536
83437.81339921748
83443.04014565027
83448.26227103369
83453.47977536771
83458.69265865244
83463.9009208878
83469.1045620738
83474.30358221047
83479.49798129775
83484.6877593357
83489.8729163243
83495.05345226356
83500.22936715346
83505.400660994
83510.56733378518
83515.72938552703
83520.88681621951
83526.03962586264
83531.18781445644
83536.33138200088
83541.47032849597
83546.6046539417
83551.73435833807
83556.85944168508
83561.97990398276
83567.09574523108
83572.20696543007
83577.31356457969
83582.41554267996
83587.51289973088
83592.60563573244
83597.69375068464
83602.7772445875
83607.85611744103
83612.93036924518
83618.0
83623.06500970545
83628.12539836156
83633.1811659683
83638.2323125257
83643.27883803376
83648.32074249243
83653.35802590179
83658.39068826179
83663.41872957243
83668.44214983372
83673.46094904565
83678.47512720824
83683.48468432148
83688.48962038537
83693.48993539989
83698.48562936507
83703.47670228091
83708.46315414738
83713.4449849645
83718.42219473227
83723.3947834507
83728.36275111977
83733.32609773948
83738.28482330986
83743.23892783087
83748.18841130252
83753.13327372483
83758.0735150978
83763.00913542141
83767.94013469567
83772.86651292056
83777.78827009612
83782.70540622233
83787.61792129916
83792.52581532666
83797.42908830481
83802.3277402336
83807.22177111305
83812.11118094315
83816.99596972388
83821.87613745529
83826.7516841373
83831.62260976998
83836.48891435331
83841.3505978873
83846.20766037193
83851.0601018072
83855.90792219313
83860.7511215297
83865.58969981693
83870.42365705481
83875.25299324334
83880.07770838248
83884.90094419921
83889.72584242038
83894.552403046
83899.38062607605
83904.21051151057
83909.04205934954
83913.87526959294
83918.7101422408
83923.54667729311
83928.38487474989
83933.22473461108
83938.06625687677
83942.90944154686
83947.75428862142
83952.60079810044
83957.44896998389
83962.2988042718
83967.15030096416
83972.00346006098
83976.85828156225
83981.71476546794
83986.57291177812
83991.43272049271
83996.29419161176
84001.15732513528
84006.02212106323
84010.88857939563
84015.75670013248
84020.6264832738
84025.49792881956
84030.37103676976
84035.24580712442
84040.12223988352
84045.00033504707
84049.88009261507
84054.76151258753
84059.64459496443
84064.52933974579
84069.41574693158
84074.30381652185
84079.19354851653
84084.08494291567
84088.97799971927
84093.87271892733
84098.76910053984
84103.66714455676
84108.56685097818
84113.46821980401
84118.37125103432
84123.27594466906
84128.18230070826
84133.0903191519
84138.0
84142.91134325253
84147.82434890953
84152.73901697098
84157.65534743687
84162.57334030722
84167.49299558201
84172.41431326127
84177.33729334496
84182.26193583308
84187.18824072569
84192.11620802272
84197.04583772422
84201.97712983016
84206.91008434055
84211.84470125538
84216.78098057467
84221.71892229842
84226.6585264266
84231.59979295926
84236.54272189633
84241.48731323789
84246.43356698386
84251.38148313429
84256.33106168918
84261.28230264851
84266.2352060123
84271.18977178054
84276.14599995322
84281.10389053036
84286.06344351194
84291.02465889798
84295.98753668845
84300.95207688338
84305.91827948278
84310.88614448659
84315.85567189488
84320.82686170761
84325.7997139248
84330.77422854643
84335.75040557251
84340.72824500305
84345.70774683802
84350.68891107745
84355.67173772132
84360.65622676964
84365.64237822243
84370.63019207965
84375.61966834134
84380.61080700747
84385.60360807806
84390.59807155307
84395.59419743255
84400.59198571647
84405.59143640485
84410.59254949767
84415.59532499494
84420.59976289666
84425.60586320283
84430.61362591347
84435.62305102855
84440.63413854806
84445.64688847204
84450.66130080045
84455.67737553331
84460.69511267064
84465.7145122124
84470.73557415862
84475.75829850929
84480.7826852644
84485.80873442399
84490.83644598801
84495.86581995647
84500.89685632939
84505.92955510675
84510.96391628857
84515.99993987483
84521.03762586555
84526.07697426072
84531.11798506035
84536.1606582644
84541.20499387293
84546.25099188587
84551.29865230329
84556.34797512516
84561.39896035146
84566.45160798224
84571.50591801744
84576.56189045709
84581.61952530121
84586.67882254977
84591.73978220279
84596.80240426025
84601.86668872215
84606.93263558851
84612.00024485931
84617.06951653458
84622.14045061427
84627.21304709844
84632.28730598703
84637.36322728009
84642.4408109776
84647.52005707957
84652.60096558597
84657.68353649683
84662.76776981213
84667.85366553189
84672.94122365607
84678.03044418473
84683.12132711783
84688.21387245538
84693.30808019738
84698.40395034384
84703.50148289475
84708.6006778501
84713.70153520988
84718.80405497414
84723.90823714284
84729.014081716
84734.1215886936
84739.23075807565
84744.34158986215
84749.45408405308
84754.5682406485
84759.68405964834
84764.80154105263
84769.92068486138
84775.04149107457
84780.1639596922
84785.28809071431
84790.41388414086
84795.54133997185
84800.6704582073
84805.80123884721
84810.93368189155
84816.06778734033
84821.20355519358
84826.34098545126
84831.48007811341
84836.62083318
84841.76325065104
84846.90733052653
84852.05307280646
84857.20047749086
84862.3495445797
84867.50027407298
84872.65266597073
84877.80672027291
84882.96243697955
84888.11981609065
84893.27885760617
84898.43956152616
84903.6019278506
84908.76595657947
84913.93164771283
84919.09900125061
84924.26801719284
84929.43869553953
84934.61103629066
84939.78503944623
84944.96070500626
84950.13803297076
84955.3170233397
84960.49767611307
84965.6799912909
84970.86396887318
84976.04960885992
84981.2369112511
84986.42587604672
84991.6165032468
84996.80879285133
85002.0027448603
85007.19835927374
85012.39563609162
85017.59457531394
85022.79517694072
85027.99744097194
85033.20136740762
85038.40695624775
85043.61420749231
85048.82312114134
85054.03369719481
85059.24593565274
85064.45983651512
85069.67539978193
85074.89262545321
85080.11151352893
85085.33206400911
85090.55427689373
85095.7781521828
85101.0036898763
85106.2308899743
85111.45975247672
85116.69027738359
85121.9224646949
85127.15631441068
85132.39182653089
85137.62900105555
85142.86783798467
85148.10833731825
85153.35049905625
85158.59432319875
85163.83980974564
85169.08695869701
85174.33577005283
85179.5862438131
85184.83837997781
85190.09217854697
85195.3476395206
85200.60476289867
85205.86354868117
85211.12399686815
85216.38610745955
85221.6498804554
85226.91531585573
85232.18241366048
85237.45117386969
85242.72159648336
85247.99368150147
85253.26742892401
85258.54283875103
85263.8199109825
85269.09864561842
85274.37904265875
85279.66110210356
85284.94482395283
85290.23020820653
85295.51725486468
85300.8059639273
85306.09633539435
85311.38836926586
85316.6820655418
85321.97742422222
85327.27444530706
85332.57312879636
85337.87347469012
85343.17548298833
85348.47915369098
85353.78448679807
85359.09148230962
85364.40014022564
85369.71046054608
85375.02244327098
85380.33608840033
85385.65139593414
85390.96836587238
85396.28699821509
85401.60729296223
85406.92925011381
85412.25286966987
85417.57815163037
85422.90509599532
85428.23370276473
85433.56397193857
85438.89590351685
85444.22949749959
85449.5647538868
85454.90167267845
85460.24025387454
85465.58049747508
85470.92240348007
85476.26597188952
85481.61120270341
85486.95809592176
85492.30665154455
85497.6568695718
85503.00875000349
85508.36229283962
85513.71749808022
85519.07436572525
85524.43289577475
85529.79308822867
85535.15494308708
85540.51846034991
85545.8836400172
85551.25048208894
85556.61898656511
85561.98915344576
85567.36098273084
85572.73447442039
85578.10962851436
85583.4864450128
85588.86492391568
85594.24506522302
85599.62686893479
85605.01033505105
85610.39546357174
85615.78225449685
85621.17070782644
85626.56082356046
85631.95260169895
85637.34604224187
85642.74114518927
85648.1379105411
85653.53633829737
85658.93642845811
85664.33818102328
85669.74159599292
85675.146673367
85680.5534131455
85685.9618153285
85691.37187991591
85696.7836069078
85702.19699630413
85707.61204810491
85713.02876231013
85718.44713891982
85723.86717793392
85729.28887935249
85734.71224317553
85740.13726940301
85745.56395803492
85750.9923090713
85756.42232251214
85761.8539983574
85767.28733660713
85772.7223372613
85778.15900031992
85783.597325783
85789.03731365051
85794.47896392248
85799.9222765989
85805.36725167977
85810.81388916509
85816.26218905485
85821.71215134907
85827.16377604773
85832.61706315086
85838.07201265842
85843.52862457043
85848.9868988869
85854.44683560783
85859.9084347332
85865.371696263
85870.83662019728
85876.30320653599
85881.77145527913
85887.24136642677
85892.71293997881
85898.18617593535
85903.66107429628
85909.1376350617
85914.61585823157
85920.09574380588
85925.57729178463
85931.06050216785
85936.5453749555
85942.0319101476
85947.52010774417
85953.00996774518
85958.50149015065
85963.99467496054
85969.48952217492
85974.98603179371
85980.48420381697
85985.98403824467
85991.48553507683
85996.98869431345
86002.4935159545
86008.0